-22 80 10 -72 78 -99 -64 -35 -45 -88 50 53 62 -69 81 61 19 -30 7 -55 -96 -8 10 21 56 47 70 -84 100 -96 29 -76 75 48 0 35 -97 -55 -83 -99 39 11 -51 -42 46 -39 -13 56 -22 -6 -88 0 54 -70 -64 70 80 -100 80 9 -26 -74 -44 90 71
34 97 -22 -99 -85 53 59 -11 5 -43 80 69 40 -89 25 -27 20 -32 -86 35 3 -26 14 43 -88 -14 66 -2 51 -59 78 50 -2 -26 -65 24 42 50 98 -44 33 -4 -28 5 -85 18 34 -50
-88 6 -67 96 -85 93 73 84 6 -93 42 -67 -95 35 85 53 37 -68 -31 -35 -90 70 45 -74 30 48 31 -36 82 22 -16 -28 -33 -71 68 92 59 32 82 -23 -35 -71 -71 -53 87 68 -94 -70 -84 -83 -51 -55 52 96 84 77 9 -93 62 99 -59 -82 -76 -39 -1 -87 71 -12 -95 87 -80 24 -43 -3 -72 8 -92 -42 -23 55 -28 42 82 47 95
-68 -52 9 90 -35 -5 -19 -12 -89 -34 74 -54 20 -61 8 26 17 -72 34 -69 30 93 72 32 81 -85 -86 -43 82 14 -38 -42 -82 92 51 -73 -91 -4 -72 -33 -45 -90 3 -94 36 -31 66
-71 -44 -81 -6 -9 -54 64 25 9 -16 -28 -6 65 -39 68 -80 -49 77 26 81 -70 -17 -45 -96 -8 92 89 12 73 -37 29 -10 -33 -64 75 75 -48 83 20 65 18 33
41 -47 33 48 -26 52 56 38 81 69 -55 99 -10 71 -77 40 -56 76 -9 89 -35 -2 39 4 44 -62 82 77 11 -100 60 -65 11 68 16 23 -9 -83 11 -37 51 -14 36 -67 -71 20 31 43 -5 -19 -11 28 -80 -79 -50 -25 20 -58 55 58 34 -9 -74
10 -1
-40 -41 -72 56 98 65 86 54 89 -83 -22 34 -85 -92 47 60 50 -56 -52 -10 -27 -70 -4 49 84 50 -62 -81 -82 83 0 94 52 -44 -19 80 -85 81 42 -13 -36 -91
53 86 59 -43 35 99 74 32 99 13 -13 53 0 -3 100 -29 -4 -86 -58 -43 4 70 97 92 59 7 11 -54 2 14 -56 -64 2 -41 100 47 -85 -61 -85 -13 -13 -3 58 -15 20 -91 74 42 -99
36 -29 -7 -13 38 24 50 -73 -58 80 59 -26 93 34 19 53 -69 -15 -33 14 -64 -10 -54 27 82 -67 8 -77 35 58 -37 37 -47 86 62 -99 3 85 -25 -49 -69 -68 58 -67 0 -12 59 83 18 11 -26 -99 0 -36 -3 56 93 54 23 1 -14 0 16 -46 -39 9 57 -56 41 -79 51 -10 -64 -70 -70 -63 -20 91 16 28 88 -79 81 66 36
99 -22 58 34 30 -3 92 -61 37 -89 -52 -13 -74 -86 100 -30 83 -53 24 1 -98 -93 -32 27 -85 53 45 94 -2 -31 59 19 19 73 22 73 -72
-50 -78 -37 -91 -20 -60 7 26 10 60 48 48
3 89 -41 98 -90 -78 -30 -64 87 -44 -29 -36 13 -11 -21 -80 -30 73 -97 -79 61 25 18 15 -34 -52 6 -83 40 72 62 63 -32 4 18 96 89 -93 -3
-8 -40 -17 68 -58 -56 -54 -66 -46 15 -12 9 -7 71 68
38 -53 82 78 -23 1 -79 -23 -98 -91 -81 77 62 83 14 48 76 66 -43 -59 -85 33 11 92 -58 99 -49 -21 -22 -78 -70 29 -81 41 -83 34 -12 64 -15 56 0 -9 9
-55 27 -78 2 -86 -55 -49 29 -76 -36 87 1 43 53 69 -59 6 45 -47 -25 95 35 42 -55 -17 -1 -73 -7 -82 -94 8 20 -26 91 -20 88 -23 -81 21 -83 69 68 25 18
-84 46 96 -22 -100 -13 -85 -57 31 -60 -13 -87 -87 -33 19 30 -52 70 73 -53 56 -48 -2 19 12 -97 -10
64 -54 -33 -60
79 -33 -41 -56 -38 50 52 75 -57 -85 -94 20 25 44 25 16 60 -37 -76 64 -37 36 50 84 50 56 -41 16 -67 -37 -58 1 -21 74 -45 -21 -33 99 41 37 -7 77 -98 43 -68 -76 -88 -73 -71 -18 76 33 -88 -24 -27 -76 68 -23 52 68 -40 -15 -35 -44 35 -90 -87 54 93 23 95 82 -84 -24 -80 -98 -58 -84 -21 -19 72 62 -49 -3 1 40 39 -90 -70 74
-21 -54 10 34 -39 60 -89 42 -18 15 -47 99 75 -83 72 -42 -92 21 -32 -2 -58 -87 -28 -70 51 67 8 70 65 -19 -100 81 -64 -8 -80 24 27 43 -85 65 -51 81 -15 -37 -38 -92 8 -8 -77 53 -64 42 49 -98 77 -11 -1 -9 -74 -96 -78 -20
-36 96 54 72 87 -92 -19 -76 -33 -12 93 -60 -93 0 96 73 13 68
47 23 -26 -84 -89 -61 -92 9 97 80 -70 -100 71 87 26 -66 -36 -98 50 73 -4 -33 -94 39 70 -7 38 48 -42 -62 56 -77 -73 18 -15 -65 24 84 87 26 38 -98 57 -10 -42 -80 49 -8 50 -89 -52 -18 -17 3 -93 -24 68 -65 41 91 60 79 4 97 -83 -71 57
10 20 30 40
63 12 -49 -64 -40 89 3 59 -17 61 76 52 23 -82 31 -51 -74 13 -46 88 -57 75 12 -37 -46 -8 -26 56 94 -8 24
-67 58 99 -34 23 10 -95 -25 48 41 -32 63 78 27 22
-62 94 -100 9 -69 -92 -60 -81 -93 41 31 -68 -33 -32 33 -75 -91 -93 -20 -94 61 29 15 -30 49 53 -70 9 55 91 -27 85 -36 9 -50 86 -30 55 33 87 -42 84 -6 -45 -2 -28 -27 69 65 -19 92 -68 -81 -93 60 -87 -39 1 79 71 -52 66 -61 -24 -39 -26 87 -40 -3 -80 48
33 -66 4 -28 17 17 85 -95 -84 44 -43 -52 87 -78 -43 17 16 -7 33 71 58 4 95 -90 56 -49 90 -57 21 75 36 -84 70 81 -65 -64 -1 -35 9 -49 71 85 18 -64 -94 44 -63 68 31 15 -6 -52 1 -86 90 -25 26 -78 76 71 -67 -55 83 -57 30 83 -73 44 -24 52 93 -64 -66 50 66 -91 -42 39 -86 94 -57 55 -43 -53 -45 -23 79 41 -50 49 58 10 36 -25 -12 -61 86 19 77 100
-71 -81 57 90 87 93 -97 13 78 -57 -62 -75 10 -89 29 -38 -36 95 -4 98 -93 -27 -98 -44 68 -40 54 85 13 71 2 96 4 7 -20 -67 -78 68 15 34 60 -80 -5 -63 86 7 53 -36 83 -81 27 93 -96 67 -32 81 18 -80 -93 37 32 24 -49 43 -89 -21 -83 38 73 97 -8 41 44 36 -76 -9 -5 42 40 -96 72 82 12 -4 -60 -24 -76 -61 -36 87 63 39 -71 59 -30 -71 -46 -79 -21 29
-57 32 60 -73 43 -45 58 85 25 -66 74 -79 83 79 81
25 -90 -74 -20 49 51 -84 19 -68 96 -78 72
98 -84 32 -34 -47 72 74 -90 62 68 81 -21 4 -55 27 70 -22 0 -64 75 3 -5 -40 85 -63 -73 31 -73 -95 85 -15 97 71 71 41 97 -30 -55 73 -72 74 -67 90 89 -82 74 -2 70 82 -84 44 93 -93 97 -94 52 -14 -11 -80 13 37 32 -73 -84 -14
-30 -92 35 18 39 99 -6 99 -39 2 -90 -91 55 -29 96 -96 60 -10 56 -15 -32 -56 79 17 -71 18 -41 -34 -66 1 95 -25 54 -72 67 15 -91 -56 -73 -87 17 -54 -13 2 -75 57 33 36 31 98 69 -52 -68 -84 81 30 -23 10 -22 -56 -5 13 -28 -61 32 91 -92 -57 -54 36 6 -90 89 2 -69 -36 7 -52 -50
46 -81 13 49 18 100 -22 68 24 8 -89 -8 23 -49 3 19 19 50 -8 36 58 -55 58 -90 -100 81 -61 22 -66 10 -74 -72 55 42 -13 -92 -77 68 2 -55 2 -68 -57 -29 -39 76 75 -77 66 32 -69
1 2 3 4
-89 -97 -58 -48 -65 58 34 51 22 99 90 73 -8 -79 -77 72 62 -13 87 -50 78 -85 71 -28 5 -43 -59 -83 -78 -7 -48 -68 -97 100 7 -86 75 27 8 53 86 -56 -26 77 -9 86 -17 27 94 -13 7 -64 -91 32 71 -99 -100 51 75 -96 -9 0 95 -32 67 76 94 14 50 -53 -32 67 97 43 26 55 -80 -30 -1 71 47 99 48 -85 -75 46 -70 4 76
-33 76 -6 -13 53 1 14 -18 31 85 45 -19 48 -42 85 39 -33 -71 -77 -73 -83 -69 67 -13 86 90 52 -8 11 75 -10 -24 -2 -71 -51
-46 -4 54 12 -83 83 -20 -40 -65 -78 -85 8 -95 91 30 83 29 -59 -54 -47 98 57 1 4 91 -35 -75 32 5 23 -77 -33 35 38 -15 32 79 -59 28 -81 46 -100 18 74 -16 78 -69 16 -99 -70 85 -41 -12 42 -5 33 -86 63 36 -90 -61 98 -50 -56 48 -36 -7 77 44 -44 -28
10 100 1 2 5 -9 0
19 -51 40 -2 27 -100 72 -33 -38 49 24 -97 -36 44 -49 -32 21 -32 16 -27 27 53 12 -61 -47 -83 -38 -97 84 -67 27 6 -97 14 -92 -62 48 -98 56 -80 88 84 -59 -91 -8 -57 -5 -78 -32 -12 -95 -48 64 59 75 81
44 18 67 -85 45 0 -12 -37 -35 76 -37 -79 -61 -87 68 26 33 -9 -48 -48 -1 -72 -10 -70 92 53 71 96 59 89 54 19 96 -4 -83 -87 -68 36 -26 87 5 -93 40 3 25 -69 -67 -27 56 -39 68 2 -62 -59 54 52 -26 81 -9 13 13 -7 -35 -64 -78 -24 50 -27 68 68 74 -32 61 95 54