5019 6091 7908 0805
1181 2586 9939 627
1181 2481 3395 321
5054 1214 4047
5019 1682 3953 5555
5019 4513 3362 6548
5019 6282 9636 3456
5003 6326 3745 1615 318
6381 7769 3311 8315
4120 9329 2901 1063
4221 2495 4955 2084
3416 9206 9740 621
6363 0029 7641 4384
5332 3979 5200 2564
4508 7524 4321 1147
1405 5089 0081 718
5475 4061 5150 2964
5414 9546 6823 4925
6486 1973 1864 0628
3044 9410 6323 04
1729 5107 2238 451
3057 2349 3293 38
6384 0492 9745 9099
6372 9177 7986 5932
5985 5539 7716 2741 851
5696 4910 8059 0069
3708 1539 0900 663
1657 8806 6840 225
5151 8588 1658 9482
6225 6688 0407 2911
5020 7646 5132
1821 2188 9360 750
5040 2485 7496
5019 2504 0223 1693
1685 3083 8965 030
4026 2554 5330 0669
1001 9857 7854 753
3049 6069 9075 63
6399 4373 8418 7593
4844 5655 2701 7363
1782 1114 3818 820
3584 7459 0092 9289
6229 0872 4586 6859
4442 2894 6688 1
3575 7891 7934 0440
3534 9635 2153 7611
1432 0664 2879 507
5131 9617 5683 3203
3007 4339 4787 93
3093 3978 8616 60
4508 8986 5378 6521
6369 8502 4563 6812 357
6270 2913 9581
1728 0034 0416 127
5407 3144 4301 0213
3025 4580 8983 31
5496 3274 7231 2633
3093 9970 2057 74
5019 0423 5472 5040
4145 7896 8595 6
4293 9509 4879 5293
6362 8790 2282 5398 787
6679 7145 1246
5475 1318 2349 0539
3093 6386 7461 60
6972 4175 1042
6364 4323 1816 1331 135
4175 0049 7902 2905
3961 6953 9832 59
1292 8513 1016 000
3429 1659 1894 763
4255 6371 7491
3040 7655 5155 43
6396 5216 9318 8239
5019 6830 9316 5134
1090 1368 5814 280
5039 3077 9729 6862 786
3052 9786 4074 78
3420 3706 8001 154
5472 3519 9665 7545
5487 4401 1370 5189
5019 3333 6627 3486
5537 5823 1013 3960
4405 5544 2393 8713
6455 3979 4153 0672
1287 6265 7774 165
4445 6952 8423 5
4508 3670 9805 0133
4371 2852 4332 1637
5414 5784 7640 3333
4026 0132 4339 4249
5493 3896 2389 4995
4835 0308 8148 7240
5500 9447 0529 0715
5031 6900 4632
6011 8684 6565 5789
3094 9681 4964 12
3055 2243 9579 92
6383 9321 6939 3251
4913 2365 9253 5526