-109,495,319,-18,365,192,-62,215,492,-128,444,-311,-486,53,-208,256,101,230,-269,-46,73,-258,96,-75
-41,-153,-291,377,-315,-333,-408,151,69,388,-263,33,16,295,133,-190,-412,-266,411,-350,-149,436,462,-82,-87,-386,-122,497,159,497,330,223,470,-18,-106,-280,-162,-128,11,-171,432,255,401,427,-16,170,71,-416,216,133,375,209,-37,-464,-273,-256,-189,-489,-494,355,7,300,-315,-33,494,154,-350,-194,-219,432,-473,86,-76,338,387,-174,490,112,-236,-371,47,-382,-253,51,209,-250,-355,-434
121,335,-16,9,-146,-316,394,22,396,77,-202,33,259,338,301,253,389,-67,400,-286,-160,302,-466,-307,-104,97,449,130,-117,478,267,295,61,-495,111,-489,481,-97,396,291,-216,-329,303,-149,-57,-202,18,-182,95,347,-362,-198,-329,-16,449,347,-109,260,-34,396,-345
-3,422,272,324,89,456,-213,313,8,-437,-489,-470,-1,197,-449,-292,-464,261,-460,-436,-369,-465,460,420,368,295,-336,499,-419,-420,-268,-325,462,162,335,-301,-129,483
361,-388,352,-431,426,232,471,447,305,-271,140,-269,-40,0,338,-410,-218,254,415,-29,109,68,-281,-478,-172,-57,388,-36,203,-104,58,25,245,-260,-178
-231,267,30,-186,458,448,368,-299,294,317,-269,6,125,24,-281,241,-276,-392,313,-493,-354,61,-247,-497,436,-117,44,48,-201,21,-233,-143,-90,322,-408,232,488,400,-187,-336,327,435,464,464,133,200,-494,-224,-128,-216,111,-120,390,-160,-373,-452,34,462,-463,230,355,12,-213,-499,-168,312,-194,-63,-38,-91,335,143,-436,239,-41,344,-178,147,24,-27,266,-381,223,14
-427,-298,-484
-127,-499,-86,-389,-134,-479,-64,-334,-128,-110,-359,-417,-380,-190,-120,-255,-343
-258,-400,69,70,273,145,380,-287,209,-195,267,-395,-205,413,285,-297,453,-56,86,-152,-276,-131,-423,-271,142,-212,-144,272,-247,16,451,-44,300,-101,-61,19,186,-444,-19,430,283,-326,164,-194,-47,332,259,415,-137,-490,-135,-208,-403,80,-178,60,-362,72,358,-452,-128,7,387,-125,-160,-384,-1,257,13,63,-439,90,329,147,102,-29,206,-334,-68,271,-217,-310,371,-359,-236,163,-248,-275,200,266,-308,-103,-410,458,235
314,143,129,120,195
-293,-241,-232,-414,-400,-77,-498,-262,-145,-90,-185,-115,-253,-92,-71,-280,-239,-318,-173,-238
-293,-238,-458,-306
-356,98,-97,-320,188,-140,233,-201,-335,421,-378,-126,-339,227,361,287,77,-113,-131,-375,-188,220,-20,-399
94,84,55,225,267
-482,-186,-493,10,-32,-291,-37,-112,-53,326,339,-137,-324,474,362,290,-90,253,-342,52,-115,-374,-11,-475,-133,-37,-200,-286,420,75,-491,303,219,-201,395,17,97,155,356,-159,-151,-13,-186,32,1,109,224,102,184,-232,-90,120,-130,-439,-414,-256,-354,145,494,14,-183,-436,372,-121,163,73,-197,-45,493,417,429,-237,-30,416,30,374,151,-228,-444,-307,251,193,156,-126,306,-418,227,-250,-289,-77,345,-49,-204
-184,-492,-364,-469,-446,-463,-480,-491,-220,-397,-57,-210,-207,-380,-483,-391,-92,-464,-163
174,-326,93,-332,97,-90,78,-34,464,-348,288,186,89,415,-171,-35,309,247,52,149,423,-474,402,448,-28,-245,-170,294,256,301,185,-152,259,43,483,-24,376,100,-302,286
-327,70,-411,-137,-295,341,2,-36,-26,224,46,286,-352,283,343,445,110,-92,322,244,433,-257,49,84,-305,-376,-345,-42,-491,-13
88,247
-418,-390,-474,-182,-34,-58,-308,-304,-225,359,351,-475,-406,-74,278,-16,443,-341,29,289,22,-48,-305,279,-365,58,301,-176,-340,-156,448,350,-262,252,-232,118,145,-305,-369,-19,-54,6,-377,-31,-353,266,-122,-451,-431,-19,-72,-457,-393,-48,115,-122,-457,-337,-289,-49,-95,-55,279,-202,76,-478,-51,252,-387,307,492,11,265,-251,352,394,-21,48,477,73,165,-60,-377,-492,-45,-91,-273,252,201,-293,92,451,-493,471,-80,-324,402,-67
85,334,71,452,454,293,418,21
445,143,421,136,484,386,-235,80,-41,-141,247,369,-144,168,-483,-487,389,-173,-108,-112,-419,478,216,-416,420,129,-426,283,-54,-30,-193,25,249,-393,123,36,-230,66,-459,205,-260,266,155,19,20,143,56,179,363,-415,182,390,-30,-481,129,-90,-184,312,44,413,433,121,212,203,169,-476,40,-66,16,-10,-454,484,-4,284,-183,427,-18,-300,-382,-362
-471,-465,-357,-267,-164
-446,469,-390,142,11,-333,80,473,105,-225,490,269,-91,409,-409,405,71,51,102,-471,-278,275,260,118,270,25,196,-136,-396,-221,-460,178,447,298,-122,96,-201,268,93,-97,-13,-1,-90,49,382,318,274,-179,152,236,-352,-149,336,23,239,145,-192,197,392,184,-103,3,-4,-264,458,-293,-37,-89,168,448,-410,225,278,-302,-460,-355,-489,431,-370,115,67,482,-94,-39,-80,351,-81,-82,-453,414,-57,191,-331
328,-460,483,-336,-430,-492,151,-184,-70,397,68,40,-448,-53,-32,-89,-12,223,-412,210,-236,-43,478,-462,-339,-96,245,55,482,-37,-458,-222,-108,-62,-407,-49,-409,-406,173,-20,71,-142,-378,-265,497,-382,464,363,-472,283,-154,348,-401,124,485,-396,-284,373,-472,-22,-392,413,-210,26,181,-393,-303,387,229,-197,-196,344,315,455,-286,381,-31,457,-275,484,-243,484
-319,-374,232,-84,-333,197,-210,-377,-493,-450,-462,-185,237,317,-415,-131,75,297,345,382,4,259,-123,427,270,276,-273,320,411,-398,302,-274,-471,355,-79,98,303,-262,-281,76,-209,332,499,263,157,-193,-56,-156,116,-484,-471,196,468,-97,-93,-447,44,-284,-93,-285,453,-369,146,168,-379,262,0,-488,-424,288,-496,-337,-458,-217,262,-218,288,-63,194,-348,-286,147,263,171,-378,-90,35
-1
380,-21,-79,-360,-358,-395,-36,258,131,404,48,39,-47,-104,192,-335,367,468,-239,315,277,-107,349,373,165,-116,-434,346,154,-54
-408,-424,-57,-435,-111,-240,-393,-324,-328,-145,-391,-181,-274
185,289,295,22,392,2,419,195
428,362,328,114
175,276,156,10,474,482,178,65
-208,-80,-276,-232,-63,-447,-180,-230,-120,-386,-416,-328,-129,-314,-259,-112,-409
127,88,-101,-396,194,-58,106,239,11,244,-179,407,266,452,79,233,159,-445,332,337,-435,-187,153,-210,123,-11,-87,-406,-377,453,476,176,-115,-271,-286,299,-372,96,321,417,-145,329,260,304,135,-436,195,356,294,-490,-367,237,307,346,318,-439,230,324,71,-214,-470,-21,267,-323,46,356,-488,-261,435,252,424,48,-3,-492,27,-479,425,-143,44,-214,-117,71,-87
-176,-491,-103,-439,-470,-80,-462,-368,-388,-469,-423,-388,-371,-389,-435,-439,-217,-392,-281
-411,-210,-177,-185
468,-249,-225,320,-432,181,174,-117,-54,-218,-81,179,469,-458,276,-461,-491,64,-7,-456,-248,369,-380,-377,383,-203,163,-189,-198,276,4,-245,-368,266,372,-311,-220,50,-48,-218,-38,415,-155,142,407,240,488,-176,-123,21,78,-327,-36,59,-370,-411,308,-244,115,-479,-204,84,-261,-386,104,133,177,175,276,-476,-90
91,342,43,355,426,331,369,23
0,0,0,0,0
-177,-88,-80,-476,-437,-332,-211,-86,-218,-126,-361,-351,-402